00000111110000000000000000000000
00001100000000000000000000011111
00110011001111100000000000000000
00101100001111100000000000000001
00000100010000000000000000000001
00000000001000100000000000000000
00110000001111100000000000000001
00101100011111100000000000000010
00000100100000000000000000000001
00000000011001000000000000000000
00110000011111100000000000000010
00101100101111100000000000000010
00101100110111100000000000000000
00100000101001100000000000011011
00101101000111100000000000000001
00101101001111100000000000000001
00101101010111100000000000000010
00000001011010010101000000000010
00000001000010110000000000000000
00110001000111100000000000000001
00101101100111100000000000000010
00101101101111100000000000000010
00000101110000000000000000000001
00000001111011010111000000000000
00000001100011110000000000000000
00110001100111100000000000000010
00001100000000000000000000001011
00101110000111100000000000000001
00000011101100000000000000000000
00010011111000000000000000000000
00010011111000000000000000000000
00101110001111100000000000000000
00111110010100101001000000000000
00000010001100100000000000000000
00110010001111100000000000000000
00101110011111100000000000000001
00101110100111100000000000000000
00000011001101000000000000000000
00110010011111100000000000000010
00000111110111100000000000000011
00110100000000000000000000000010
00001011110111100000000000000011
00101110011111100000000000000010
00000010101111010000000000000000
00000010011101010000000000000000
00110010011111100000000000000001
00101110110111100000000000000001
00000011001101100000000000000000
10110000001000000000000000000001
10110000010000000000000000000010
10110000011000000000000000000011
10110000100000000000000000000100
10110000101000000000000000000101
10110000110000000000000000000110
10110000111000000000000000000111
10110001000000000000000000001000
10110001001000000000000000001001
10110001010000000000000000001010
10110001011000000000000000001011
10110001100000000000000000001100
10110001101000000000000000001101
10110001110000000000000000001110
10110001111000000000000000001111
10110010000000000000000000010000
10110010001000000000000000010001
10110010010000000000000000010010
10110010011000000000000000010011
10110010100000000000000000010100
10110010101000000000000000010101
10110010110000000000000000010110
10110010111000000000000000010111
10110011000000000000000000011000
10110011001000000000000000011001
10110011010000000000000000011010
10110011011000000000000000011011
10110011100000000000000000011100
10110011101000000000000000011101
10110011110000000000000000011110
10110011111000000000000000011111
10101100001000000000000000000001
10101100010000000000000000000010
10101100011000000000000000000011
10101100100000000000000000000100
10101100101000000000000000000101
10101100110000000000000000000110
10101100111000000000000000000111
10101101000000000000000000001000
10101101001000000000000000001001
10101101010000000000000000001010
10101101011000000000000000001011
10101101100000000000000000001100
10101101101000000000000000001101
10101101110000000000000000001110
10101101111000000000000000001111
10101110000000000000000000010000
10101110001000000000000000010001
10101110010000000000000000010010
10101110011000000000000000010011
10101110100000000000000000010100
10101110101000000000000000010101
10101110110000000000000000010110
10101110111000000000000000010111
10101111000000000000000000011000
10101111001000000000000000011001
10101111010000000000000000011010
10101111011000000000000000011011
10101111100000000000000000011100
10101111101000000000000000011101
10101111110000000000000000011110
10101111111000000000000000011111
00111011001000000000000000000000
01000100000000000000000000000000
