00000111110000000000000000000101
00001100000000000000000000000010
00000100001000000000000000000001
00000100010000000000000000000000
00100100001000100000000000100100
00101100100000000000000000000000
00000100101000000000000000000001
00011000100001010000000000001011
00000100111000000000000000000000
00000011001001110000000000000000
00111011001000000000000000000000
00101101001000000000000000000001
00000101010000000000000000000001
00011001001010100000000000010001
00000101100000000000000000000001
00000011001011000000000000000000
00111011001000000000000000000000
00101101110000000000000000000010
00000101111000000000000000000001
00011001110011110000000000010111
00000110001000000000000000000010
00000011001100010000000000000000
00111011001000000000000000000000
00101110011000000000000000000011
00000110100000000000000000000001
00011010011101000000000000011101
00000110110000000000000000000011
00000011001101100000000000000000
00111011001000000000000000000000
00101111000000000000000000000100
00000100001000000000000000000001
00011011000000010000000000100011
00000100011000000000000000000100
00000011001000110000000000000000
00111011001000000000000000000000
00001100000000000000000000000010
01000100000000000000000000000000
