00000111110000000000000000000010
00001100000000000000000000111000
00110011001111100000000000000000
00101100001111100000000000000001
00000100010000000000000000000000
00000000001000100000000000000000
00110000001111100000000000000001
00101100011111100000000000000010
00000100100000000000000000000001
00000000011001000000000000000000
00110000011111100000000000000010
00101100101111100000000000000100
00000100110000000000000000000010
00000000101001100000000000000000
00110000101111100000000000000100
00101100111111100000000000000000
00000101000000000000000000000000
00011000111010000000000000010110
00101101010111100000000000000001
00000011101010100000000000000000
00010011111000000000000000000000
00001100000000000000000000011100
00101101011111100000000000000000
00000101100000000000000000000001
00011001011011000000000000011100
00101101110111100000000000000010
00000011101011100000000000000000
00010011111000000000000000000000
00101101111111100000000000000100
00101110000111100000000000000000
00100001111100000000000000110100
00101110010111100000000000000011
00101110011111100000000000000001
00101110100111100000000000000010
00000010101100111010000000000000
00000010010101010000000000000000
00110010010111100000000000000011
00101110110111100000000000000001
00101110111111100000000000000010
00000010110101110000000000000000
00110010110111100000000000000001
00101111000111100000000000000010
00101100001111100000000000000011
00000011000000010000000000000000
00110011000111100000000000000010
00101100010111100000000000000100
00101100011111100000000000000100
00000100100000000000000000000001
00000000101000110010000000000000
00000000010001010000000000000000
00110000010111100000000000000100
00001100000000000000000000011100
00101100110111100000000000000010
00000011101001100000000000000000
00010011111000000000000000000000
00010011111000000000000000000000
00101100111000000000000000000000
00111101000010000100000000000000
00000000111010000000000000000000
00110000111000000000000000000000
00101101001000000000000000000001
00101101010000000000000000000000
00000011001010100000000000000000
00110001001111100000000000000000
00000111110111100000000000000001
00110100000000000000000000000010
00001011110111100000000000000001
00101101001111100000000000000000
00000001011111010000000000000000
00000001001010110000000000000000
00110001001000000000000000000001
00101101100000000000000000000001
00000011001011000000000000000000
00111011001000000000000000000000
01000100000000000000000000000000
