00000111110000000000000000000011
00001100000000000000000000100110
00110011001111100000000000000000
00110011010111100000000000000001
00101100001111100000000000000010
00000100010000000000000000000001
00000000001000100000000000000000
00110000001111100000000000000010
00101100011111100000000000000011
00000100100000000000000000000000
00000000011001000000000000000000
00110000011111100000000000000011
00101100101111100000000000000001
00000100110000000000000000000000
00101000101001100000000000010010
00000101000000000000000000000000
00000011101010000000000000000000
00010011111000000000000000000000
00101101001111100000000000000011
00101101010111100000000000000001
00101001001010100000000000100010
00101101100111100000000000000010
00101101101111100000000000000010
00101101110111100000000000000000
00000001111011010111000000000010
00000001100011110000000000000000
00110001100111100000000000000010
00101110000111100000000000000011
00101110001111100000000000000011
00000110010000000000000000000001
00000010011100011001000000000000
00000010000100110000000000000000
00110010000111100000000000000011
00001100000000000000000000010010
00101110100111100000000000000010
00000011101101000000000000000000
00010011111000000000000000000000
00010011111000000000000000000000
00101110101000000000000000000000
00111110110101101011000000000000
00000010101101100000000000000000
00110010101000000000000000000000
00101110111000000000000000000001
00111111000110001100000000000000
00000010111110000000000000000000
00110010111000000000000000000001
00101100001000000000000000000010
00101100010000000000000000000000
00000011001000100000000000000000
00101100011000000000000000000001
00000011010000110000000000000000
00110000001111100000000000000001
00000111110111100000000000000010
00110100000000000000000000000010
00001011110111100000000000000010
00101100001111100000000000000001
00000000100111010000000000000000
00000000001001000000000000000000
00110000001000000000000000000010
00101100101000000000000000000010
00000011001001010000000000000000
00111011001000000000000000000000
01000100000000000000000000000000
