00000100001000000000000000000001
00000100010000000000000000000010
00000100011000000000000000000011
00000100100000000000000000000100
00000100101000000000000000000101
00000100110000000000000000000110
00000100111000000000000000000111
00000101000000000000000000001000
00000101001000000000000000001001
00000101010000000000000000001010
00000101011000000000000000001011
00000101100000000000000000001100
00000101101000000000000000001101
00000101110000000000000000001110
00000101111000000000000000001111
00000110000000000000000000010000
00000110001000000000000000010001
00000110010000000000000000010010
00000110011000000000000000010011
00000110100000000000000000010100
00111000001000000000000000000000
00111000010000000000000000000000
00111000011000000000000000000000
00111000100000000000000000000000
00111000101000000000000000000000
00111000110000000000000000000000
00111000111000000000000000000000
00111001000000000000000000000000
00111001001000000000000000000000
00111001010000000000000000000000
00111001011000000000000000000000
00111001100000000000000000000000
00111001101000000000000000000000
00111001110000000000000000000000
00111001111000000000000000000000
00111010000000000000000000000000
00111010001000000000000000000000
00111010010000000000000000000000
00111010011000000000000000000000
00111010100000000000000000000000