00000111110000000000000000000000
00001100000000000000000000011110
00110011001111100000000000000000
00110011010111100000000000000001
00101100001111100000000000000001
00000100010000000000000000000000
00011000001000100000000000001011
00101100100111100000000000000000
00000011101001000000000000000000
00010011111000000000000000000000
00001100000000000000000000011101
00101100101111100000000000000001
00000011001001010000000000000000
00101100110111100000000000000000
00101100111111100000000000000000
00101101000111100000000000000001
00000001001001110100000000000011
00101101010111100000000000000001
00000001011010010101000000000010
00000001100001100101100000000001
00000011010011000000000000000000
00110011111111100000000000000010
00000111110111100000000000000011
00110100000000000000000000000010
00001011110111100000000000000011
00101111111111100000000000000010
00000001101111010000000000000000
00000011101011010000000000000000
00010011111000000000000000000000
00010011111000000000000000000000
00101101110111100000000000000000
00111101111011110111100000000000
00000001110011110000000000000000
00110001110111100000000000000000
00101110000111100000000000000001
00111110001100011000100000000000
00000010000100010000000000000000
00110010000111100000000000000001
00101110010111100000000000000000
00000011001100100000000000000000
00101110011111100000000000000001
00000011010100110000000000000000
00000111110111100000000000000010
00110100000000000000000000000010
00001011110111100000000000000010
00000010100111010000000000000000
00000011001101000000000000000000
00111011001000000000000000000000
01000100000000000000000000000000
