00000111110000000000000000000000
00001100000000000000000000000010
00101100001111100000000000000000
00111100010000100001000000000000
00000000001000100000000000000000
00110000001111100000000000000000
00101100011111100000000000000001
00101100100111100000000000000000
00101100101111100000000000000000
00000000110001000010100000000010
00000000011001100000000000000000
00110000011111100000000000000001
00101100111111100000000000000001
00000011001001110000000000000000
00111011001000000000000000000000
01000100000000000000000000000000
